0.4079627990722656
0.4188575744628906
0.4540596008300781
0.40982818603515625
0.4270820617675781
0.3985176086425781
0.391632080078125
0.4248847961425781
0.42896270751953125
0.4009552001953125

0.3931312561035156
0.40663909912109375
0.4102058410644531
0.4024200439453125
0.4425239562988281
0.4354133605957031
0.4433631896972656
0.4338417053222656
0.4017219543457031
0.42311859130859375
0.4100761413574219
0.40204620361328125
0.4059104919433594
0.3952140808105469
0.40569305419921875
0.4402732849121094
0.46099090576171875
0.43154144287109375
0.4729957580566406
0.4825553894042969
0.48480987548828125
0.4489402770996094
0.4031829833984375
0.3897819519042969
0.4100151062011719
0.3931617736816406
0.4214630126953125
0.41933441162109375
0.4175910949707031
0.4492378234863281
0.42981719970703125
0.4338836669921875
0.401824951171875
0.42315673828125
0.40369415283203125
0.40157318115234375
0.4309349060058594
0.4205436706542969
0.4065818786621094
0.3695335388183594
0.4085655212402344
0.4343299865722656
0.40081024169921875
0.41916656494140625
0.4435882568359375
0.4266815185546875
0.4652595520019531
0.4735298156738281
0.4672393798828125
0.4180946350097656
0.4434318542480469
0.4374961853027344
0.4418182373046875
0.42932891845703125
0.45085906982421875
0.45133209228515625
0.43888092041015625
0.41893768310546875
0.42824554443359375
0.4511871337890625
0.46103668212890625
0.48342132568359375
0.4419975280761719
0.4300537109375
0.4589385986328125
0.4487571716308594
0.4495506286621094
0.43396759033203125
0.4266471862792969
0.43315887451171875
0.4022331237792969
0.4100494384765625
0.4460487365722656
0.4642295837402344
0.4520072937011719
0.4559516906738281
0.4334144592285156
0.3993110656738281
0.41132354736328125
0.4399452209472656
0.4352073669433594
0.44189453125
0.4634895324707031
0.43842315673828125
0.4239311218261719
0.45420074462890625
0.4543037414550781
0.45305633544921875
0.4653587341308594
0.45429229736328125
