2.0896930164961326e-11
1.0934551203873149e-11
1.8910042048949147e-12
7.803761959187526e-12
1.2128190089724783e-11
7.452890863322182e-12
1.0285206470105552e-11
2.821187129287931e-11
2.829762217017431e-11
2.6516429849381322e-11
2.1556893150271796e-11
2.6535419180528215e-11
1.4962354818272786e-11
2.5991067709499292e-11
2.3576947417525285e-11
0
0
2.8885459767536324e-11
3.5209046924905125e-11
2.7605498031517088e-11
9.437254633736552e-12
1.3229294879100108e-11
2.266154055675693e-11
1.2027915511576402e-11
7.29014448882989e-12
1.0154536447915128e-11
3.327944170668843e-11
2.930014537304239e-11
1.2555432957059544e-11
2.1847266785059893e-11
1.3148917103040234e-11
1.2754459233871586e-11
2.367241694180972e-11
3.444824630633016e-11
2.5756591846816565e-11
2.3845544979756364e-11
7.843484707977032e-12
6.238731385232837e-12
1.2236483789367224e-11
1.9025855967526114e-11
5.903638460935622e-11
1.6731200108241308e-11
2.120827008062804e-11
1.5939683958426523e-11
3.636299125366853e-11
3.9531808114593724e-12
8.222332993007986e-12
1.4189961775060087e-11
1.769551185326044e-11
7.809386015109188e-12
2.975990198517752e-11
8.447474372191312e-12
1.4165696257107023e-11
1.6220029285662447e-11
2.3793089861111383e-11
9.667399950242592e-12
5.885810687541626e-12
8.433588978218225e-12
7.417113113238183e-12
1.4012394842398362e-11
6.672087246402603e-12
2.323431986528561e-11
2.0689821148725535e-11
2.271909320425302e-11
1.4029975927604671e-11
2.0474398421340866e-11
1.117304486045718e-11
1.2458521987005684e-11
6.095639763867801e-12
8.290649322035665e-12
1.2119835646324563e-11
2.911746046849866e-11
1.6207085753633285e-11
4.077784229406995e-11
5.511730891699053e-12
3.178152211280331e-11
2.093318362407896e-11
1.366908436611626e-11
1.2848883539722245e-11
8.224646871023092e-12
1.8970675901050357e-11
2.0380467082583948e-11
3.3183074252878716e-11
9.124037390799361e-12
1.3344286858361609e-11
2.5785467477845395e-11
1.115005825471943e-11
8.775193229157391e-12
1.886431983077771e-11
7.07472464570053e-12
6.997408396751407e-12
7.230214445903231e-11
9.934677436529763e-12
2.588604003668329e-11
2.7504830858152554e-11
1.2720083716387167e-11
2.896101216208714e-11
2.2710838767783562e-11
8.427854799099285e-12
1.96448712172343e-11
3.4690593443239166e-11
