0.4272613525390625
0.41820526123046875
0.4147758483886719
0.4386558532714844
0.4167289733886719
0.4193458557128906
0.4360923767089844
0.3892402648925781
0.3925285339355469
0.4160614013671875
0.4274482727050781
0.4076118469238281
0.4260520935058594
0.434539794921875
0.41291046142578125
0.45284271240234375
0.47531890869140625
0.4282646179199219
0.38779449462890625
0.46453857421875
0.4259834289550781
0.4097099304199219
0.44805145263671875
0.4962730407714844
0.46253204345703125
0.4201545715332031
0.4359893798828125
0.44124603271484375
0.45088958740234375
0.4375152587890625
0.422698974609375
0.4442291259765625
0.4486045837402344
0.4492759704589844
0.4367179870605469
0.46595001220703125
0.430267333984375
0.43377685546875
0.4383087158203125
0.4440727233886719
0.4476318359375
0.4577903747558594
0.4201774597167969
0.4070320129394531
0.460113525390625
0.4158668518066406
0.41777801513671875
0.3935890197753906
0.4241142272949219
0.4853363037109375
0.43470001220703125
0.44775390625
0.4301300048828125
0.38410186767578125
0.4440040588378906
0.4610099792480469
0.4458160400390625
0.4548225402832031
0.4262275695800781
0.4122505187988281
0.4257545471191406
0.4729881286621094
0.43727874755859375
0.4301567077636719
0.43082427978515625
0.4315643310546875
0.4416160583496094
0.4324951171875
0.45873260498046875
0.4168128967285156
0
0.459197998046875
0.4333763122558594
0.4351921081542969
0.4624671936035156
0.421142578125
0.4186134338378906
0.4476165771484375
0.4326820373535156
0.4316902160644531
0.4393463134765625
0.4506950378417969
0.4292411804199219
0.4428901672363281
0.4452552795410156
0.4158058166503906
0.4530029296875
0.4158210754394531
0.4354133605957031
0.40369415283203125
0.4713859558105469
0.4336509704589844
0.4143524169921875
0.4660606384277344
0.4385643005371094
0.417877197265625
0.4362068176269531
0.4326019287109375
0.4033927917480469
0.41329193115234375
0
