2.78387192052794e-11
3.11280450722061e-11
2.519969172295156e-11
7.689205396975913e-12
2.3525268654458193e-11
2.8981335328245147e-11
7.285830130998303e-12
2.6507448473026055e-11
9.352439176582232e+64
2.688374812919921e-11

6.258226527956824e-12
3.2433774194892895e-11
3.80852113226142e+46
7.05394977161595e-12
1.6805103963313253e-11
1.8024909424779698e-11
5.393396455679013e-11
1.9776239855633514e-11
3.445081698500661e-11
2.9811652324428505e+73
4.110559190622065e-11
4.083358757535999e-11
6.946002709497522e-12
2.7543018477745087e-11
7.38580027807209e-12
9.542797218952783e+28
6.532002739633471e+40
2.262881436705033e-11
2.7899876934317725e-11
6.768376980789942e-12
1.1176782267443295e-11
3.2207834773489464e-11
2.0413573539188352e-11
7.924075979031152e-12
2.072505288833467e-11
3.24123623638444e-11
4.068039527382785e-11
2.9969433750096895e-11
2.2615899244252162e-11
2.8934981209618557e-11
6.079996271348597e-12
2.4530380874095513e-11
7.040922134063331e-12
2.4941591662268203e-11
4.963085293888267e-12
2.3514609229563444e-11
1.626282726178895e-11
3.796861900748371e-11
4.435744871783862e-11
1.0420132408496499e-11
2.515556927598506e-28
6.552756807959326e-12
4.003385920793033e-11
3.918415381554524e-11
5.100787612387422e-12
4.072077823138756e-11
1.5792973962931994e-11
1.4871179777872197e-11
1.2327142662924402e-11
3.089955679356791e-11
2.5789522586421146e-11
9.968259544314407e-12
7.91489700750445e-12
7.957997362380171e-12
7.749757211916423e-12
3.133789609415463e-11
5.877789188427284e-12
5.238357726893923e-12
9.707919106517507e-12
1.6175859476324553e-11
1.2669684876805638e-11
1.8712011122485086e-11
1.011559489849734e+46
2.4717176978671424e-11
2.1278989087563715e-11
860440696750.4757
7.552511148026237e-12
2.744914538442994e-11
5.498740246837471e-12
1.7757639240861507e-11
2.82278032241857e-11
1.9800483125912218e-11
1.4113494257485942e-11
9.246411944112383e-28
1.7252527758358485e-11
3.0904164070113306e-11
3.382280793872355e-11
8.825876057297127e-12
9.32476196944662e-12
2.1439103598788525e-11
2.1380749499366274e-11
7.929983455664128e-12
9.912183833643933e-12
2.721688402411277e-11
3.214865796436392e-11
3.7189798856904394e-11
2.2297829383446213e-11
2.112161554292067e-11
7.175444673731523e-12
2.421401362139688e-11
