0
7.887041403325952e-11
1.899608668335267e-10
2.5454570065910055e-10
4.666069781381406e-11
4.639451656029902e-13
1.5447189735609399e-13
1.7448851114102642e-11
1.6180180402267848e-11
4.9819987664503985e-11
1.9965523628007658e-11
4.0441126745483843e-11
1.1838533648927232e-11
3.000400267220871e-11
2.7741256623997373e-11
5.1402596142950327e-11
1.7675107867108427e-11
2.547513386055514e-11
4.0006389151904684e-11
2.6486752706484153e-12
1.877945854428955e-11
2.379146952416999e-11
3.9018444370230434e-11
4.41838609517157e-11
5.1746847506485595e-11
1.046118344239511e-11
1.2956080550330921e-11
3.068958764983036e-11
3.830825618541488e-11
4.7526542142008736e-11
3.7488692931939424e-11
1.5504503778375835e-11
1.244079126508577e-10
4.5226797843727405e-11
4.4711616622739094e-11
2.3750887133742866e-11
4.4380901123029335e-11
4.740989909461899e-12
1.2123502649835944e-11
2.1015600709281227e-11
1.2236056052498899e-11
4.2777654184972425e-11
4.721287165434457e-11
1.677118012352534e-11
3.300245798970495e-11
3.8411151634837947e-10
4.405156840322204e-11
4.927969884117644e-11
2.727824531403082e-12
3.681901478975819e-11
6.488430398596555e-11
2.570936042483064e-12
3.090818383498795e-12
1.13911282792701e-11
3.9712280602926173e-11
6.76409613601504e-12
1.7558028679995058e-11
5.5489167752732565e-11
5.461993918371227e-11
3.3419826577243424e-11
4.767913066413421e-11
2.219435672209464e-11
8.624619237971235e-11
6.800083419191012e-12
6.524772752888519e-11
6.141516773759527e-11
1.828986350182476e-11
5.3887911381861e-11
4.978664680695498e-11
6.161239056691837e-11
2.5162773717813357e-10
3.3568283439812797e-10
2.7288820223355552e-11
2.3459755720738345e-11
1.944053524041665e-11
2.5684796583170728e-11
3.3470265803272385e-11
8.31325745224002e-11
2.07222978120707e-11
2.07222978120707e-11
6.005633709789906e-11
6.193857253343858e-11
3.031645226117838e-11
3.096339800613215e-11
5.201307592414862e-11
5.860481709114616e-11
6.345351083034059e-10
1.5643433353201215e-11
1.3665481356203999e-11
4.205981630575984e-11
4.784566001090642e-11
2.9425433454602745e-12
2.385795251484607e-11
7.696857749378485e-11
3.2403338196280635e-11
2.016555054773725e-11
2.4329968025810267e-11
3.555710819560766e-11
2.073565401413954e-11
1.993905161876124e-11
3.735316240254495e-11
4.226411246756657e-11
3.0078544966671906e-10
1.4701335583785708e-10
3.190517754449774e-11
2.288420774100358e-11
4.3432228652951714e-11
4.090936850018866e-11
5.18252302091185e-11
2.2991386256246425e-11
3.15111359070821e-11
3.788147705554419e-11
3.8684196993206296e-11
2.3369931450795072e-11
4.966289190029726e-11
3.591876477279518e-11
3.1628440437988886e-11
1.179029103740648e-10
7.509486098881654e-12
2.935186034701696e-11
2.8078031332522414e-11
4.199031184108363e-11
2.125588402581517e-11
3.8571331878036344e-11
7.297791447225926e-11
2.0167223991128107e-11
2.6022173722834632e-12
3.1294735817399165e-11
1.9537518211651844e-11
3.277384630358813e-11
6.688798092644514e-11
2.3262208474082075e-12
4.4151166423656104e-11
3.857218212140107e-11
4.6895821464281865e-11
3.0137587607940975e-11
2.2034456733865305e-11
6.5439298994387e-11
4.9580256100873794e-11
3.924359363592974e-11
2.5925378410680697e-11
1.8755453468639997e-11
6.2742842220213576e-12
1.52227576098582e-11
3.964844457360292e-11
1.0151649648899053e-11
4.5935090093488335e-11
1.8976983778021112e-11
9.561684680803016e-11
3.886888878922939e-11
3.443423421221849e-11
1.2031734481422008e-10
4.637848013270999e-11
6.427164071834707e-11
2.025137996505386e-12
5.5182735574286773e-11
2.3903291645192877e-11
2.1629926555704336e-11
