0.5616836547851562
0.5332183837890625
0.5443038940429688
0.5743484497070312
0.6249923706054688
0.07878875732421875
0.6107864379882812
0.5892448425292969
0.5741958618164062
0.5875892639160156
0.5975914001464844
0.5858345031738281
0.5640602111816406
0.20937347412109375
0.5395164489746094
0.5766487121582031
0.5112228393554688
0.6105384826660156
0.6550064086914062
0.6443939208984375
0.5461273193359375
0.6117782592773438
0.6166763305664062
0.6910667419433594
0.6171836853027344
0.5348129272460938
0.5931015014648438
0.580413818359375
0.3863792419433594
0.6409568786621094
0.5759506225585938
0.5507736206054688
0.4015922546386719
0.5571937561035156
0.5263557434082031
0.14860916137695312
0.40990447998046875
0.4801979064941406
0.500732421875
0.5224609375
0.5267562866210938
0.5071296691894531
0.46176910400390625
0.5659751892089844
0.46820831298828125
0.6016273498535156
0.6193466186523438
0.5483627319335938
0.5953826904296875
0.5729408264160156
0.594451904296875
0.4459381103515625
0.6219635009765625
0.5869293212890625
0.4545173645019531
0.6477851867675781
0.5172119140625
0.6402320861816406
0.5097770690917969
0.5089149475097656
0.6229820251464844
0.44483184814453125
0.4636802673339844
0.3842506408691406
0.6028404235839844
0.5242881774902344
0.5907135009765625
0.5241050720214844
0.5047187805175781
0.48897552490234375
0.5934562683105469
0.5703239440917969
0.5619468688964844
0.5790061950683594
0.5415534973144531
0.61932373046875
0.5744590759277344
0.6347236633300781
0.4779777526855469
0.6097335815429688
0.5750579833984375
0.5256919860839844
0.5523109436035156
0.5097389221191406
0.5557708740234375
0.4421653747558594
0.5116119384765625
0.6216926574707031
0.6031455993652344
0.5376739501953125
0.5242881774902344
0.6875801086425781
0.5808563232421875
0.5819244384765625
0.3560943603515625
0.5762786865234375
0.6148643493652344
0.4670753479003906
0.59185791015625
0.5641632080078125
0.5729408264160156
0.5517044067382812
0.6070556640625
0.5600624084472656
0.556640625
0.539886474609375
0.5585174560546875
0.5759048461914062
0.5239791870117188
0.6006736755371094
0.5685348510742188
0.5734138488769531
0.5548629760742188
0.6158447265625
0.5129928588867188
0.5337371826171875
0.5418167114257812
0.5569038391113281
0.536895751953125
0.5522689819335938
0.4714393615722656
0
0.477294921875
0.5544166564941406
0.6467514038085938
0.66400146484375
0.5956993103027344
0.5778884887695312
0.38686370849609375
0.6040916442871094
0.4945945739746094
0.5559272766113281
0.5126380920410156
0.43453216552734375
0.5904693603515625
0.5824737548828125
0.4992218017578125
0.49333953857421875
0.5204963684082031
0.545867919921875
0.5987663269042969
0.6165237426757812
0.6298561096191406
0.637298583984375
0.5334663391113281
0.42633056640625
0.6521072387695312
0.60052490234375
0.5470848083496094
0.5923881530761719
0.5646095275878906
0.46001434326171875
0.6162948608398438
0.4812202453613281
0.5667800903320312
0.5376358032226562
0.5061759948730469
0.5470848083496094
