3.124105942728526e-11
3.8057522247872606e-10
9.045613595254445e-11
1.1346268794712787e-11
4.487487700439194e-12
6.237527787385688e-12
3.60575234870825e-11

3.575388870322434e-11
4.134735862902275e-12
7.628097630515249e-11
1.5282377995945042e-11
2.292397797119928e-12
3.6915559551498144e-11
8.736518759840754e-11
3.779973850254778e-11
5.51823331330208e-11
7.561311381700975e-12
4.211832374728538e-11
7.804349836967483e-11
3.757080433469781e-11
2.4157107681675767e-11
1.4733706543096313e-10
1.6732273349341442e-10
7.27484447307229e-11
1.3186476949698495e-10
3.507002412864128e-11
1.7611121991314067e-11
8.592362984828237e-13
2.0459018931059222e-11
3.0764841636485963e-10
1.475996154376604e-10
6.247702720401878e-11
4.818779150261668e-11
5.6816370452983596e-11
6.813949755795559e-13
4.957891061381113e-11
1.6208895696679352e-11
1.3584350593482612e-10
1.2102546902981403e-10
2.2800186001167568e-10
2.7284100817223924e-11
4.14277726207377e-12
7.1378012308786616e-12
6.084424742314403e-10
1.009015257049862e-10
1.3405713644948444e-10
6.421025838376898e-11
6.596777091834322e-11
5.065158802242524e-10
8.970037050201663e-11
1.9269375702788253e-10
1.1494729363323886e-11
3.4621133528157923e-11
136592.26487947517
5.476571565300459e-11
4.6540646427202073e-11
7.508385030418285e-11
1.3620228234139126e-10
7.535162292864389e-10
3.1548223136292077e-10
1.4781788734010073e-10
6.29371977400597e-11
1.2756017283061098e-11
6.12440759153616e-12
1.2033343276133387e-11
3.012870303035154e-11
4.92780908829532e-11
2.7912271946451058e-11
5.1352267049775463e-11
4.12892225332548e-11
6.32389273158184e-11
3.580617538973155e-11
3.083751632526538e-11
7.57932600890018e-12
3.393523653389309e-10
2.247053733202137e-10
2.1824099637713624e-10
2.4679539629541238e-11
1.6767754785795842e-11
3.9782145328002505e-11
3.1826782404373374e-11
3.903724658391706e-11
1.2780511021774576e-11
6.01706120350491e-11
2.7061480349284978e-11
7.029597966391021e-12
1.6803042874104925e-11
4.971767466448173e-12
2.193180163548173e-10
3.640662170213782e-10
6.210489377732904e-10
3.515903807746706e-11
1.7543459338543823e-11
2.993347350025083e-11
4.3960008598738034e-11
5.590997683640703e-11
1.2558231166819343e-11
5.26882568035075e-11
7.456536798161427e-12
5.626998412693046e-11
1.3047376077489495e-11
1.4512065167212817e-10
2.862514283395693e-11
2.2197124224626988e-11
6.017216349212386e-10
9.979785286698299e-12
2.2999499588575656e-12
4.921806160568265e-11
3.9774519340663346e-12
2.0819650463329236e-11
2.1586691029158855e-10
1.9866776625796266e-11
9.625413564437527e-11
4.516225715666308e-11
3.0441707876976306e-10
5.58318008207463e-11
6.205758816995238e-11
8.876571176163458e-11
1.0358637405174376e-11
9.297472556085194e-12
2.801552968505762e-11
2.7637763826269213e-11
1.8954193496748825e-11
4.4007608758504214e-11
4.748683639170496e-11
1.3128401498330858e-11
6.218772861538494e-12
7.37524571619249e-12
6.179946661341764e-12
5.034579215013953e-11
1.9231616651667189e-10
1.1799328352075568e-10
1.0693892958038435e-11
7.670364914795781e-12
1.1878796535186505e-10
8.270318694028967e-12
7.468062434457244e-11
6.037226108323584e-12
1.2047577200038184e-10
2.6593101059321444e-11
3.6565145618917645e-11
3.067077745724995e-11
3.410654286598672e-11
3.6901807811278427e-11
6.268818752289915e-11
6.864524265475719e-11
4.507589437740164e-11
1.4772348089007393e-11
6.303832366303886e-11
