0.5042648315429688
0.3490638732910156
0.3599700927734375
0.4096565246582031
0.5216102600097656
0.5996742248535156
0.5548896789550781

0.5197486877441406
0.5279617309570312
0.7379226684570312
0.5784339904785156
0.5902137756347656
0.60748291015625
0.6224899291992188
0.5589675903320312
0.4552154541015625
0.4938468933105469
0.5389747619628906
0.5816078186035156
0.5768890380859375
0.5564079284667969
0.736907958984375
0.6865081787109375
0.5906600952148438
0.5385551452636719
0.5933685302734375
0.6404991149902344
0.6210212707519531
0.6275825500488281
0.5946922302246094
0.635528564453125
0.6588096618652344
0.51995849609375
0.5426902770996094
0.530029296875
0.5797538757324219
0.5387382507324219
0.6194992065429688
0.5534095764160156
0.6674346923828125
0.631439208984375
0.6591072082519531
0.6530380249023438
0.5440406799316406
0.5861015319824219
0.666748046875
0.597686767578125
0.43106842041015625
0.2993621826171875
0.3428382873535156
0.518463134765625
0.5859184265136719
0.5851554870605469
0.5591621398925781
0.5390396118164062
0.5990180969238281
0.6162872314453125
0.39440155029296875
0.1294708251953125
0.132171630859375
0.21612548828125
0.3424949645996094
0.5682373046875
0.6249008178710938
0.56988525390625
0.6434249877929688
0.6404342651367188
0.5743637084960938
0.49974822998046875
0.590118408203125
0.6290130615234375
0.5971336364746094
0.5623130798339844
0.42545318603515625
0.19013595581054688
0.15533447265625
0.131927490234375
0.29559326171875
0.5715446472167969
0.5942573547363281
0.5978202819824219
0.629150390625
0.48598480224609375
0.5306472778320312
0.5118751525878906
0.532958984375
0.4479103088378906
0.2947959899902344
0.19816207885742188
0.10188674926757812
0.04586029052734375
0.5988426208496094
0.606170654296875
0.6115379333496094
0.6547012329101562
0.6450691223144531
0.5438880920410156
0.6231498718261719
0.6128730773925781
0.5815162658691406
0.56536865234375
0.5509681701660156
0.4506645202636719
0.3066864013671875
0.10477066040039062
0.16809844970703125
0.44947052001953125
0.6593971252441406
0.6307182312011719
0.526641845703125
0.4573402404785156
0.5140914916992188
0.6361885070800781
0.5386428833007812
0.7087974548339844
0.5152168273925781
0.43164825439453125
0.5428314208984375
0.5582733154296875
0.5276565551757812
0.5662460327148438
0.6153678894042969
0.61138916015625
0.6180076599121094
0.5001411437988281
0.5077171325683594
0.6351585388183594
0.6027069091796875
0.5458183288574219
0.6278953552246094
0.5584220886230469
0.5591468811035156
0.6149559020996094
0.5596389770507812
0.5251541137695312
0.5417518615722656
0.5033645629882812
0.5699424743652344
0.5539817810058594
0.55767822265625
0.5504074096679688
0.5345535278320312
0.5605010986328125
0.54693603515625
0.5764274597167969
0.6078071594238281
0.5787773132324219
0.5389976501464844
0.4890098571777344
